{
 "cells": [
  {
   "cell_type": "code",
   "execution_count": 193,
   "metadata": {},
   "outputs": [],
   "source": [
    "import pandas as pd\n",
    "from IPython.display import display, HTML\n",
    "from assembly_tools import format_table, extract_raw_performance\n",
    "from hydra import initialize, compose\n",
    "import numpy as np"
   ]
  },
  {
   "cell_type": "markdown",
   "metadata": {},
   "source": [
    "### Assembly of experimental results 1"
   ]
  },
  {
   "cell_type": "code",
   "execution_count": 181,
   "metadata": {},
   "outputs": [],
   "source": [
    "# We conduced a large HP search to determine which HP configurations are optimal for a certain method and dataset. \n",
    "# You can un the same HP searches by using the benchmarking script in the causal discovery zoo folder. \n",
    "# Check the readme for details. You can also reproduce the actual numbers by running the selected HP combo in the same way.\n",
    "# YOu can also use the functions here directly to summarize your own custom hp searches.\n",
    "# NOTABLY THE EXACT HP NAMING was changed slightly due to changes in the slurm configurations. the exported params however can be directly used."
   ]
  },
  {
   "cell_type": "code",
   "execution_count": 182,
   "metadata": {},
   "outputs": [],
   "source": [
    "with initialize(version_base=None, config_path=\"config/\"):\n",
    "    cfg = compose(config_name='extract.yaml')\n",
    "scoring = \"Individual AUROC\"\n",
    "general_params =  [\"resolution_value\", \"ds_name\", \"method_hps.max_lag\"]\n",
    "hp_stack = []\n",
    "performance_stack = []"
   ]
  },
  {
   "cell_type": "code",
   "execution_count": 183,
   "metadata": {},
   "outputs": [],
   "source": [
    "for name in [\"reverse\", \"cross\", \"combo\", ]:\n",
    "    data = pd.read_csv(\"grid_export_exp1/\" + name + \".csv\", index_col=0)\n",
    "    # quick fix\n",
    "    res = \"method.filter_mode\"\n",
    "\n",
    "    data.loc[data[res].isnull(),res] = \"none\"\n",
    "    formatted = format_table(data,cfg, scoring= scoring, restriction=[res] if res else [])\n",
    "    lines = extract_raw_performance(formatted,cfg,scoring,name=name, restriction=[res])\n",
    "    hp_stack.append(formatted)\n",
    "    performance_stack.append(lines)\n"
   ]
  },
  {
   "cell_type": "code",
   "execution_count": 184,
   "metadata": {},
   "outputs": [],
   "source": [
    "for name in [\"var_\", \"varlingam\", \"dynotears\", \"pcmci\"]:\n",
    "    data = pd.read_csv(\"grid_export_exp1/\" + name + \".csv\", index_col=0)\n",
    "    # quick fix\n",
    "    res = None\n",
    "    formatted = format_table(data,cfg, scoring= scoring, restriction=[res] if res else [])\n",
    "    lines = extract_raw_performance(formatted,cfg,scoring,name=name, restriction=None)\n",
    "    hp_stack.append(formatted)\n",
    "    performance_stack.append(lines)"
   ]
  },
  {
   "cell_type": "code",
   "execution_count": 185,
   "metadata": {},
   "outputs": [],
   "source": [
    "bs = data[[\"Null AUROC\", \"label_path\"]].groupby(\"label_path\").max().T\n",
    "bs.index = [\"Null model\"]"
   ]
  },
  {
   "cell_type": "code",
   "execution_count": 186,
   "metadata": {},
   "outputs": [
    {
     "name": "stdout",
     "output_type": "stream",
     "text": [
      "renaming.. resolution_value\n",
      "renaming.. method_hps.max_lag\n",
      "renaming.. method_hps.cp_architecture\n",
      "renaming.. ds_name\n",
      "renaming.. normalize\n",
      "renaming.. window_data_month_value\n",
      "renaming.. window_data_year_value\n"
     ]
    },
    {
     "name": "stderr",
     "output_type": "stream",
     "text": [
      "/tmp/ipykernel_3520831/2672914234.py:4: DtypeWarning: Columns (22,24,25,30,54,55,58,59,61,62,63,64,66,67,75,76,77,81,82,85,86,87,88,89,90,92,93) have mixed types. Specify dtype option on import or set low_memory=False.\n",
      "  data = pd.read_csv(cfg.data_path + \"exp1/cached.csv\", index_col=0)\n"
     ]
    }
   ],
   "source": [
    "# load this seperately as we ran this completely seperated.\n",
    "#data = load_experimental_grid(mypath=cfg.data_path + \"exp1/\", method_name=\"cdmi\").T\n",
    "# data.to_csv(cfg.data_path + \"exp1/cached.csv\")\n",
    "data = pd.read_csv(cfg.data_path + \"exp1/cached.csv\", index_col=0)\n",
    "for x in cfg.rename:\n",
    "    if x in data.columns:\n",
    "        print(\"renaming..\", x)\n",
    "        if cfg.rename[x] in data.columns:\n",
    "            data.loc[data[cfg.rename[x]].isnull(), cfg.rename[x]] = data.loc[\n",
    "                data[cfg.rename[x]].isnull(), x\n",
    "            ]\n",
    "            data.drop(columns=x, inplace=True)\n",
    "        else:\n",
    "            data.rename(columns={x: cfg.rename[x]}, inplace=True)\n",
    "data = data[[scoring, \"label_path\"]].groupby(\"label_path\").mean()\n",
    "data = data.rename(index= {\"../../datasets/close_3/east.p\": \"close_3\",\"../../datasets/close_5/east.p\":\"close_5\"}).loc[cfg.ds_order].T\n",
    "data.index.name = None\n",
    "data.index = [\"CDMI\"]\n",
    "performance_stack.append(data)"
   ]
  },
  {
   "cell_type": "code",
   "execution_count": 187,
   "metadata": {},
   "outputs": [],
   "source": [
    "for name in [\"cp\"]:\n",
    "    data = pd.read_csv(\"grid_export_exp1/\" + name + \".csv\", index_col=0)\n",
    "    # quick fix\n",
    "    res = \"method.architecture\"\n",
    "    cfg.ds_order = cfg.ds_order[:-1]\n",
    "    formatted = format_table(data,cfg, scoring= scoring, restriction=[res] if res else [])\n",
    "    lines = extract_raw_performance(formatted,cfg,scoring,name=name, restriction=[res])\n",
    "    hp_stack.append(formatted)\n",
    "    performance_stack.append(lines)\n"
   ]
  },
  {
   "cell_type": "code",
   "execution_count": 188,
   "metadata": {},
   "outputs": [],
   "source": [
    "performance_stack.append(bs)\n",
    "out = pd.concat(performance_stack)"
   ]
  },
  {
   "cell_type": "code",
   "execution_count": 189,
   "metadata": {},
   "outputs": [
    {
     "data": {
      "text/html": [
       "<div>\n",
       "<style scoped>\n",
       "    .dataframe tbody tr th:only-of-type {\n",
       "        vertical-align: middle;\n",
       "    }\n",
       "\n",
       "    .dataframe tbody tr th {\n",
       "        vertical-align: top;\n",
       "    }\n",
       "\n",
       "    .dataframe thead th {\n",
       "        text-align: right;\n",
       "    }\n",
       "</style>\n",
       "<table border=\"1\" class=\"dataframe\">\n",
       "  <thead>\n",
       "    <tr style=\"text-align: right;\">\n",
       "      <th></th>\n",
       "      <th>close_3</th>\n",
       "      <th>close_5</th>\n",
       "      <th>root_cause_3</th>\n",
       "      <th>root_cause_5</th>\n",
       "      <th>1_random_3</th>\n",
       "      <th>1_random_5</th>\n",
       "      <th>confounder_3</th>\n",
       "      <th>confounder_5</th>\n",
       "      <th>random_3</th>\n",
       "      <th>random_5</th>\n",
       "      <th>disjoint_10</th>\n",
       "    </tr>\n",
       "  </thead>\n",
       "  <tbody>\n",
       "    <tr>\n",
       "      <th>reverse_biggest</th>\n",
       "      <td>0.775306</td>\n",
       "      <td>0.708554</td>\n",
       "      <td>0.609271</td>\n",
       "      <td>0.528232</td>\n",
       "      <td>0.805991</td>\n",
       "      <td>0.714176</td>\n",
       "      <td>0.605903</td>\n",
       "      <td>0.624542</td>\n",
       "      <td>0.756933</td>\n",
       "      <td>0.683675</td>\n",
       "      <td>0.577119</td>\n",
       "    </tr>\n",
       "    <tr>\n",
       "      <th>reverse_none</th>\n",
       "      <td>0.797792</td>\n",
       "      <td>0.761499</td>\n",
       "      <td>0.761107</td>\n",
       "      <td>0.700442</td>\n",
       "      <td>0.737327</td>\n",
       "      <td>0.733954</td>\n",
       "      <td>0.623264</td>\n",
       "      <td>0.65985</td>\n",
       "      <td>0.79313</td>\n",
       "      <td>0.753329</td>\n",
       "      <td>0.748214</td>\n",
       "    </tr>\n",
       "    <tr>\n",
       "      <th>reverse_next</th>\n",
       "      <td>0.71744</td>\n",
       "      <td>0.623394</td>\n",
       "      <td>0.813367</td>\n",
       "      <td>0.766431</td>\n",
       "      <td>0.713825</td>\n",
       "      <td>0.65058</td>\n",
       "      <td>0.578125</td>\n",
       "      <td>0.583365</td>\n",
       "      <td>0.722826</td>\n",
       "      <td>0.641822</td>\n",
       "      <td>0.651639</td>\n",
       "    </tr>\n",
       "    <tr>\n",
       "      <th>cross_none</th>\n",
       "      <td>0.684317</td>\n",
       "      <td>0.627601</td>\n",
       "      <td>0.70416</td>\n",
       "      <td>0.668861</td>\n",
       "      <td>0.643472</td>\n",
       "      <td>0.65871</td>\n",
       "      <td>0.651042</td>\n",
       "      <td>0.59354</td>\n",
       "      <td>0.709448</td>\n",
       "      <td>0.706202</td>\n",
       "      <td>0.661196</td>\n",
       "    </tr>\n",
       "    <tr>\n",
       "      <th>cross_corr</th>\n",
       "      <td>0.689555</td>\n",
       "      <td>0.641539</td>\n",
       "      <td>0.719954</td>\n",
       "      <td>0.703476</td>\n",
       "      <td>0.692473</td>\n",
       "      <td>0.670497</td>\n",
       "      <td>0.635417</td>\n",
       "      <td>0.600899</td>\n",
       "      <td>0.706208</td>\n",
       "      <td>0.671744</td>\n",
       "      <td>0.753657</td>\n",
       "    </tr>\n",
       "    <tr>\n",
       "      <th>combo_corr</th>\n",
       "      <td>0.705432</td>\n",
       "      <td>0.656692</td>\n",
       "      <td>0.705958</td>\n",
       "      <td>0.679399</td>\n",
       "      <td>0.71321</td>\n",
       "      <td>0.674332</td>\n",
       "      <td>0.652778</td>\n",
       "      <td>0.610375</td>\n",
       "      <td>0.713873</td>\n",
       "      <td>0.672164</td>\n",
       "      <td>0.754721</td>\n",
       "    </tr>\n",
       "    <tr>\n",
       "      <th>combo_next</th>\n",
       "      <td>0.676741</td>\n",
       "      <td>0.597341</td>\n",
       "      <td>0.731446</td>\n",
       "      <td>0.703865</td>\n",
       "      <td>0.670507</td>\n",
       "      <td>0.639665</td>\n",
       "      <td>0.618056</td>\n",
       "      <td>0.572187</td>\n",
       "      <td>0.692168</td>\n",
       "      <td>0.643728</td>\n",
       "      <td>0.659784</td>\n",
       "    </tr>\n",
       "    <tr>\n",
       "      <th>combo_biggest</th>\n",
       "      <td>0.678111</td>\n",
       "      <td>0.631308</td>\n",
       "      <td>0.597329</td>\n",
       "      <td>0.545798</td>\n",
       "      <td>0.71659</td>\n",
       "      <td>0.657362</td>\n",
       "      <td>0.631944</td>\n",
       "      <td>0.583483</td>\n",
       "      <td>0.689834</td>\n",
       "      <td>0.650093</td>\n",
       "      <td>0.572621</td>\n",
       "    </tr>\n",
       "    <tr>\n",
       "      <th>combo_none</th>\n",
       "      <td>0.704707</td>\n",
       "      <td>0.657373</td>\n",
       "      <td>0.695942</td>\n",
       "      <td>0.649975</td>\n",
       "      <td>0.677573</td>\n",
       "      <td>0.681069</td>\n",
       "      <td>0.631944</td>\n",
       "      <td>0.600877</td>\n",
       "      <td>0.72098</td>\n",
       "      <td>0.712596</td>\n",
       "      <td>0.705569</td>\n",
       "    </tr>\n",
       "    <tr>\n",
       "      <th>var_</th>\n",
       "      <td>0.809397</td>\n",
       "      <td>0.806224</td>\n",
       "      <td>0.787879</td>\n",
       "      <td>0.750714</td>\n",
       "      <td>0.8</td>\n",
       "      <td>0.793418</td>\n",
       "      <td>0.708912</td>\n",
       "      <td>0.722216</td>\n",
       "      <td>0.82323</td>\n",
       "      <td>0.801485</td>\n",
       "      <td>0.819753</td>\n",
       "    </tr>\n",
       "    <tr>\n",
       "      <th>varlingam</th>\n",
       "      <td>0.785797</td>\n",
       "      <td>0.772768</td>\n",
       "      <td>0.772021</td>\n",
       "      <td>0.76941</td>\n",
       "      <td>0.840399</td>\n",
       "      <td>0.788178</td>\n",
       "      <td>0.675347</td>\n",
       "      <td>0.698019</td>\n",
       "      <td>0.787143</td>\n",
       "      <td>0.754923</td>\n",
       "      <td>0.827195</td>\n",
       "    </tr>\n",
       "    <tr>\n",
       "      <th>dynotears</th>\n",
       "      <td>0.500967</td>\n",
       "      <td>0.49934</td>\n",
       "      <td>0.502696</td>\n",
       "      <td>0.563879</td>\n",
       "      <td>0.519201</td>\n",
       "      <td>0.608279</td>\n",
       "      <td>0.525174</td>\n",
       "      <td>0.531982</td>\n",
       "      <td>0.502979</td>\n",
       "      <td>0.608445</td>\n",
       "      <td>0.606428</td>\n",
       "    </tr>\n",
       "    <tr>\n",
       "      <th>pcmci</th>\n",
       "      <td>0.638681</td>\n",
       "      <td>0.616857</td>\n",
       "      <td>0.695793</td>\n",
       "      <td>0.736581</td>\n",
       "      <td>0.830876</td>\n",
       "      <td>0.73502</td>\n",
       "      <td>0.662616</td>\n",
       "      <td>0.639717</td>\n",
       "      <td>0.654862</td>\n",
       "      <td>0.652921</td>\n",
       "      <td>0.801787</td>\n",
       "    </tr>\n",
       "    <tr>\n",
       "      <th>CDMI</th>\n",
       "      <td>0.809214</td>\n",
       "      <td>0.813901</td>\n",
       "      <td>0.716344</td>\n",
       "      <td>0.649318</td>\n",
       "      <td>0.819692</td>\n",
       "      <td>0.801899</td>\n",
       "      <td>0.631944</td>\n",
       "      <td>0.710626</td>\n",
       "      <td>0.799846</td>\n",
       "      <td>0.78174</td>\n",
       "      <td>0.752737</td>\n",
       "    </tr>\n",
       "    <tr>\n",
       "      <th>cp_transformer</th>\n",
       "      <td>0.60375</td>\n",
       "      <td>0.651986</td>\n",
       "      <td>0.615263</td>\n",
       "      <td>0.679577</td>\n",
       "      <td>0.804301</td>\n",
       "      <td>0.715191</td>\n",
       "      <td>0.559028</td>\n",
       "      <td>0.564034</td>\n",
       "      <td>0.601687</td>\n",
       "      <td>0.651431</td>\n",
       "      <td>NaN</td>\n",
       "    </tr>\n",
       "    <tr>\n",
       "      <th>cp_unidirectional</th>\n",
       "      <td>0.658231</td>\n",
       "      <td>0.576534</td>\n",
       "      <td>0.67955</td>\n",
       "      <td>0.558017</td>\n",
       "      <td>0.807988</td>\n",
       "      <td>0.647456</td>\n",
       "      <td>0.5625</td>\n",
       "      <td>0.562134</td>\n",
       "      <td>0.643731</td>\n",
       "      <td>0.598753</td>\n",
       "      <td>NaN</td>\n",
       "    </tr>\n",
       "    <tr>\n",
       "      <th>Null model</th>\n",
       "      <td>0.5</td>\n",
       "      <td>0.5</td>\n",
       "      <td>0.5</td>\n",
       "      <td>0.5</td>\n",
       "      <td>0.5</td>\n",
       "      <td>0.5</td>\n",
       "      <td>0.5</td>\n",
       "      <td>0.5</td>\n",
       "      <td>0.5</td>\n",
       "      <td>0.5</td>\n",
       "      <td>0.5</td>\n",
       "    </tr>\n",
       "  </tbody>\n",
       "</table>\n",
       "</div>"
      ],
      "text/plain": [
       "                    close_3   close_5 root_cause_3 root_cause_5 1_random_3  \\\n",
       "reverse_biggest    0.775306  0.708554     0.609271     0.528232   0.805991   \n",
       "reverse_none       0.797792  0.761499     0.761107     0.700442   0.737327   \n",
       "reverse_next        0.71744  0.623394     0.813367     0.766431   0.713825   \n",
       "cross_none         0.684317  0.627601      0.70416     0.668861   0.643472   \n",
       "cross_corr         0.689555  0.641539     0.719954     0.703476   0.692473   \n",
       "combo_corr         0.705432  0.656692     0.705958     0.679399    0.71321   \n",
       "combo_next         0.676741  0.597341     0.731446     0.703865   0.670507   \n",
       "combo_biggest      0.678111  0.631308     0.597329     0.545798    0.71659   \n",
       "combo_none         0.704707  0.657373     0.695942     0.649975   0.677573   \n",
       "var_               0.809397  0.806224     0.787879     0.750714        0.8   \n",
       "varlingam          0.785797  0.772768     0.772021      0.76941   0.840399   \n",
       "dynotears          0.500967   0.49934     0.502696     0.563879   0.519201   \n",
       "pcmci              0.638681  0.616857     0.695793     0.736581   0.830876   \n",
       "CDMI               0.809214  0.813901     0.716344     0.649318   0.819692   \n",
       "cp_transformer      0.60375  0.651986     0.615263     0.679577   0.804301   \n",
       "cp_unidirectional  0.658231  0.576534      0.67955     0.558017   0.807988   \n",
       "Null model              0.5       0.5          0.5          0.5        0.5   \n",
       "\n",
       "                  1_random_5 confounder_3 confounder_5  random_3  random_5  \\\n",
       "reverse_biggest     0.714176     0.605903     0.624542  0.756933  0.683675   \n",
       "reverse_none        0.733954     0.623264      0.65985   0.79313  0.753329   \n",
       "reverse_next         0.65058     0.578125     0.583365  0.722826  0.641822   \n",
       "cross_none           0.65871     0.651042      0.59354  0.709448  0.706202   \n",
       "cross_corr          0.670497     0.635417     0.600899  0.706208  0.671744   \n",
       "combo_corr          0.674332     0.652778     0.610375  0.713873  0.672164   \n",
       "combo_next          0.639665     0.618056     0.572187  0.692168  0.643728   \n",
       "combo_biggest       0.657362     0.631944     0.583483  0.689834  0.650093   \n",
       "combo_none          0.681069     0.631944     0.600877   0.72098  0.712596   \n",
       "var_                0.793418     0.708912     0.722216   0.82323  0.801485   \n",
       "varlingam           0.788178     0.675347     0.698019  0.787143  0.754923   \n",
       "dynotears           0.608279     0.525174     0.531982  0.502979  0.608445   \n",
       "pcmci                0.73502     0.662616     0.639717  0.654862  0.652921   \n",
       "CDMI                0.801899     0.631944     0.710626  0.799846   0.78174   \n",
       "cp_transformer      0.715191     0.559028     0.564034  0.601687  0.651431   \n",
       "cp_unidirectional   0.647456       0.5625     0.562134  0.643731  0.598753   \n",
       "Null model               0.5          0.5          0.5       0.5       0.5   \n",
       "\n",
       "                  disjoint_10  \n",
       "reverse_biggest      0.577119  \n",
       "reverse_none         0.748214  \n",
       "reverse_next         0.651639  \n",
       "cross_none           0.661196  \n",
       "cross_corr           0.753657  \n",
       "combo_corr           0.754721  \n",
       "combo_next           0.659784  \n",
       "combo_biggest        0.572621  \n",
       "combo_none           0.705569  \n",
       "var_                 0.819753  \n",
       "varlingam            0.827195  \n",
       "dynotears            0.606428  \n",
       "pcmci                0.801787  \n",
       "CDMI                 0.752737  \n",
       "cp_transformer            NaN  \n",
       "cp_unidirectional         NaN  \n",
       "Null model                0.5  "
      ]
     },
     "execution_count": 189,
     "metadata": {},
     "output_type": "execute_result"
    }
   ],
   "source": [
    "out"
   ]
  },
  {
   "cell_type": "markdown",
   "metadata": {},
   "source": [
    "# Styling of the table"
   ]
  },
  {
   "cell_type": "code",
   "execution_count": 190,
   "metadata": {},
   "outputs": [],
   "source": [
    "out = out.loc[out.index[[16,1,2,0,3,4,8,6,7,5,9,10,11,12,13,14,15]]]"
   ]
  },
  {
   "cell_type": "code",
   "execution_count": 191,
   "metadata": {},
   "outputs": [],
   "source": [
    "out.rename(index={\n",
    "\"cross_none\": \"CC\",\n",
    "\"cross_corr\": \"CC+C\",\n",
    "\"reverse_none\": \"RP\",\n",
    "\"reverse_biggest\": \"RP+B\",\n",
    "\"reverse_next\": \"RP+N\",\n",
    "\"combo_none\": \"RPCC\",\n",
    "\"combo_biggest\": \"RPCC+B\",\n",
    "\"combo_next\": \"RPCC+N\",\n",
    "\"combo_corr\": \"RPCC+C\",\n",
    "\"cp__unidirectional\": \"CP (Gru)\",\n",
    "\"cp__transformer\":\"CP (Transf)\",\n",
    "\"var_\": \"VAR\",\n",
    "\"varlingam\": \"Varlingam\",\n",
    "\"pcmci\": \"PCMCI\"\n",
    "}, inplace=True)"
   ]
  },
  {
   "cell_type": "code",
   "execution_count": 245,
   "metadata": {},
   "outputs": [
    {
     "data": {
      "text/html": [
       "<div>\n",
       "<style scoped>\n",
       "    .dataframe tbody tr th:only-of-type {\n",
       "        vertical-align: middle;\n",
       "    }\n",
       "\n",
       "    .dataframe tbody tr th {\n",
       "        vertical-align: top;\n",
       "    }\n",
       "\n",
       "    .dataframe thead th {\n",
       "        text-align: right;\n",
       "    }\n",
       "</style>\n",
       "<table border=\"1\" class=\"dataframe\">\n",
       "  <thead>\n",
       "    <tr style=\"text-align: right;\">\n",
       "      <th></th>\n",
       "      <th>close_3</th>\n",
       "      <th>close_5</th>\n",
       "      <th>root_cause_3</th>\n",
       "      <th>root_cause_5</th>\n",
       "      <th>1_random_3</th>\n",
       "      <th>1_random_5</th>\n",
       "      <th>confounder_3</th>\n",
       "      <th>confounder_5</th>\n",
       "      <th>random_3</th>\n",
       "      <th>random_5</th>\n",
       "      <th>disjoint_10</th>\n",
       "    </tr>\n",
       "  </thead>\n",
       "  <tbody>\n",
       "    <tr>\n",
       "      <th>Null model</th>\n",
       "      <td>0.5</td>\n",
       "      <td>0.5</td>\n",
       "      <td>0.5</td>\n",
       "      <td>0.5</td>\n",
       "      <td>0.5</td>\n",
       "      <td>0.5</td>\n",
       "      <td>0.5</td>\n",
       "      <td>0.5</td>\n",
       "      <td>0.5</td>\n",
       "      <td>0.5</td>\n",
       "      <td>0.5</td>\n",
       "    </tr>\n",
       "    <tr>\n",
       "      <th>RP</th>\n",
       "      <td>0.797792</td>\n",
       "      <td>0.761499</td>\n",
       "      <td>0.761107</td>\n",
       "      <td>0.700442</td>\n",
       "      <td>0.737327</td>\n",
       "      <td>0.733954</td>\n",
       "      <td>0.623264</td>\n",
       "      <td>0.65985</td>\n",
       "      <td>0.79313</td>\n",
       "      <td>0.753329</td>\n",
       "      <td>0.748214</td>\n",
       "    </tr>\n",
       "    <tr>\n",
       "      <th>RP+N</th>\n",
       "      <td>0.71744</td>\n",
       "      <td>0.623394</td>\n",
       "      <td>0.813367</td>\n",
       "      <td>0.766431</td>\n",
       "      <td>0.713825</td>\n",
       "      <td>0.65058</td>\n",
       "      <td>0.578125</td>\n",
       "      <td>0.583365</td>\n",
       "      <td>0.722826</td>\n",
       "      <td>0.641822</td>\n",
       "      <td>0.651639</td>\n",
       "    </tr>\n",
       "    <tr>\n",
       "      <th>RP+B</th>\n",
       "      <td>0.775306</td>\n",
       "      <td>0.708554</td>\n",
       "      <td>0.609271</td>\n",
       "      <td>0.528232</td>\n",
       "      <td>0.805991</td>\n",
       "      <td>0.714176</td>\n",
       "      <td>0.605903</td>\n",
       "      <td>0.624542</td>\n",
       "      <td>0.756933</td>\n",
       "      <td>0.683675</td>\n",
       "      <td>0.577119</td>\n",
       "    </tr>\n",
       "    <tr>\n",
       "      <th>CC</th>\n",
       "      <td>0.684317</td>\n",
       "      <td>0.627601</td>\n",
       "      <td>0.70416</td>\n",
       "      <td>0.668861</td>\n",
       "      <td>0.643472</td>\n",
       "      <td>0.65871</td>\n",
       "      <td>0.651042</td>\n",
       "      <td>0.59354</td>\n",
       "      <td>0.709448</td>\n",
       "      <td>0.706202</td>\n",
       "      <td>0.661196</td>\n",
       "    </tr>\n",
       "    <tr>\n",
       "      <th>CC+C</th>\n",
       "      <td>0.689555</td>\n",
       "      <td>0.641539</td>\n",
       "      <td>0.719954</td>\n",
       "      <td>0.703476</td>\n",
       "      <td>0.692473</td>\n",
       "      <td>0.670497</td>\n",
       "      <td>0.635417</td>\n",
       "      <td>0.600899</td>\n",
       "      <td>0.706208</td>\n",
       "      <td>0.671744</td>\n",
       "      <td>0.753657</td>\n",
       "    </tr>\n",
       "    <tr>\n",
       "      <th>RPCC</th>\n",
       "      <td>0.704707</td>\n",
       "      <td>0.657373</td>\n",
       "      <td>0.695942</td>\n",
       "      <td>0.649975</td>\n",
       "      <td>0.677573</td>\n",
       "      <td>0.681069</td>\n",
       "      <td>0.631944</td>\n",
       "      <td>0.600877</td>\n",
       "      <td>0.72098</td>\n",
       "      <td>0.712596</td>\n",
       "      <td>0.705569</td>\n",
       "    </tr>\n",
       "    <tr>\n",
       "      <th>RPCC+N</th>\n",
       "      <td>0.676741</td>\n",
       "      <td>0.597341</td>\n",
       "      <td>0.731446</td>\n",
       "      <td>0.703865</td>\n",
       "      <td>0.670507</td>\n",
       "      <td>0.639665</td>\n",
       "      <td>0.618056</td>\n",
       "      <td>0.572187</td>\n",
       "      <td>0.692168</td>\n",
       "      <td>0.643728</td>\n",
       "      <td>0.659784</td>\n",
       "    </tr>\n",
       "    <tr>\n",
       "      <th>RPCC+B</th>\n",
       "      <td>0.678111</td>\n",
       "      <td>0.631308</td>\n",
       "      <td>0.597329</td>\n",
       "      <td>0.545798</td>\n",
       "      <td>0.71659</td>\n",
       "      <td>0.657362</td>\n",
       "      <td>0.631944</td>\n",
       "      <td>0.583483</td>\n",
       "      <td>0.689834</td>\n",
       "      <td>0.650093</td>\n",
       "      <td>0.572621</td>\n",
       "    </tr>\n",
       "    <tr>\n",
       "      <th>RPCC+C</th>\n",
       "      <td>0.705432</td>\n",
       "      <td>0.656692</td>\n",
       "      <td>0.705958</td>\n",
       "      <td>0.679399</td>\n",
       "      <td>0.71321</td>\n",
       "      <td>0.674332</td>\n",
       "      <td>0.652778</td>\n",
       "      <td>0.610375</td>\n",
       "      <td>0.713873</td>\n",
       "      <td>0.672164</td>\n",
       "      <td>0.754721</td>\n",
       "    </tr>\n",
       "    <tr>\n",
       "      <th>VAR</th>\n",
       "      <td>0.809397</td>\n",
       "      <td>0.806224</td>\n",
       "      <td>0.787879</td>\n",
       "      <td>0.750714</td>\n",
       "      <td>0.8</td>\n",
       "      <td>0.793418</td>\n",
       "      <td>0.708912</td>\n",
       "      <td>0.722216</td>\n",
       "      <td>0.82323</td>\n",
       "      <td>0.801485</td>\n",
       "      <td>0.819753</td>\n",
       "    </tr>\n",
       "    <tr>\n",
       "      <th>Varlingam</th>\n",
       "      <td>0.785797</td>\n",
       "      <td>0.772768</td>\n",
       "      <td>0.772021</td>\n",
       "      <td>0.76941</td>\n",
       "      <td>0.840399</td>\n",
       "      <td>0.788178</td>\n",
       "      <td>0.675347</td>\n",
       "      <td>0.698019</td>\n",
       "      <td>0.787143</td>\n",
       "      <td>0.754923</td>\n",
       "      <td>0.827195</td>\n",
       "    </tr>\n",
       "    <tr>\n",
       "      <th>dynotears</th>\n",
       "      <td>0.500967</td>\n",
       "      <td>0.49934</td>\n",
       "      <td>0.502696</td>\n",
       "      <td>0.563879</td>\n",
       "      <td>0.519201</td>\n",
       "      <td>0.608279</td>\n",
       "      <td>0.525174</td>\n",
       "      <td>0.531982</td>\n",
       "      <td>0.502979</td>\n",
       "      <td>0.608445</td>\n",
       "      <td>0.606428</td>\n",
       "    </tr>\n",
       "    <tr>\n",
       "      <th>PCMCI</th>\n",
       "      <td>0.638681</td>\n",
       "      <td>0.616857</td>\n",
       "      <td>0.695793</td>\n",
       "      <td>0.736581</td>\n",
       "      <td>0.830876</td>\n",
       "      <td>0.73502</td>\n",
       "      <td>0.662616</td>\n",
       "      <td>0.639717</td>\n",
       "      <td>0.654862</td>\n",
       "      <td>0.652921</td>\n",
       "      <td>0.801787</td>\n",
       "    </tr>\n",
       "    <tr>\n",
       "      <th>CDMI</th>\n",
       "      <td>0.809214</td>\n",
       "      <td>0.813901</td>\n",
       "      <td>0.716344</td>\n",
       "      <td>0.649318</td>\n",
       "      <td>0.819692</td>\n",
       "      <td>0.801899</td>\n",
       "      <td>0.631944</td>\n",
       "      <td>0.710626</td>\n",
       "      <td>0.799846</td>\n",
       "      <td>0.78174</td>\n",
       "      <td>0.752737</td>\n",
       "    </tr>\n",
       "    <tr>\n",
       "      <th>cp_transformer</th>\n",
       "      <td>0.60375</td>\n",
       "      <td>0.651986</td>\n",
       "      <td>0.615263</td>\n",
       "      <td>0.679577</td>\n",
       "      <td>0.804301</td>\n",
       "      <td>0.715191</td>\n",
       "      <td>0.559028</td>\n",
       "      <td>0.564034</td>\n",
       "      <td>0.601687</td>\n",
       "      <td>0.651431</td>\n",
       "      <td>NaN</td>\n",
       "    </tr>\n",
       "    <tr>\n",
       "      <th>cp_unidirectional</th>\n",
       "      <td>0.658231</td>\n",
       "      <td>0.576534</td>\n",
       "      <td>0.67955</td>\n",
       "      <td>0.558017</td>\n",
       "      <td>0.807988</td>\n",
       "      <td>0.647456</td>\n",
       "      <td>0.5625</td>\n",
       "      <td>0.562134</td>\n",
       "      <td>0.643731</td>\n",
       "      <td>0.598753</td>\n",
       "      <td>NaN</td>\n",
       "    </tr>\n",
       "  </tbody>\n",
       "</table>\n",
       "</div>"
      ],
      "text/plain": [
       "                    close_3   close_5 root_cause_3 root_cause_5 1_random_3  \\\n",
       "Null model              0.5       0.5          0.5          0.5        0.5   \n",
       "RP                 0.797792  0.761499     0.761107     0.700442   0.737327   \n",
       "RP+N                0.71744  0.623394     0.813367     0.766431   0.713825   \n",
       "RP+B               0.775306  0.708554     0.609271     0.528232   0.805991   \n",
       "CC                 0.684317  0.627601      0.70416     0.668861   0.643472   \n",
       "CC+C               0.689555  0.641539     0.719954     0.703476   0.692473   \n",
       "RPCC               0.704707  0.657373     0.695942     0.649975   0.677573   \n",
       "RPCC+N             0.676741  0.597341     0.731446     0.703865   0.670507   \n",
       "RPCC+B             0.678111  0.631308     0.597329     0.545798    0.71659   \n",
       "RPCC+C             0.705432  0.656692     0.705958     0.679399    0.71321   \n",
       "VAR                0.809397  0.806224     0.787879     0.750714        0.8   \n",
       "Varlingam          0.785797  0.772768     0.772021      0.76941   0.840399   \n",
       "dynotears          0.500967   0.49934     0.502696     0.563879   0.519201   \n",
       "PCMCI              0.638681  0.616857     0.695793     0.736581   0.830876   \n",
       "CDMI               0.809214  0.813901     0.716344     0.649318   0.819692   \n",
       "cp_transformer      0.60375  0.651986     0.615263     0.679577   0.804301   \n",
       "cp_unidirectional  0.658231  0.576534      0.67955     0.558017   0.807988   \n",
       "\n",
       "                  1_random_5 confounder_3 confounder_5  random_3  random_5  \\\n",
       "Null model               0.5          0.5          0.5       0.5       0.5   \n",
       "RP                  0.733954     0.623264      0.65985   0.79313  0.753329   \n",
       "RP+N                 0.65058     0.578125     0.583365  0.722826  0.641822   \n",
       "RP+B                0.714176     0.605903     0.624542  0.756933  0.683675   \n",
       "CC                   0.65871     0.651042      0.59354  0.709448  0.706202   \n",
       "CC+C                0.670497     0.635417     0.600899  0.706208  0.671744   \n",
       "RPCC                0.681069     0.631944     0.600877   0.72098  0.712596   \n",
       "RPCC+N              0.639665     0.618056     0.572187  0.692168  0.643728   \n",
       "RPCC+B              0.657362     0.631944     0.583483  0.689834  0.650093   \n",
       "RPCC+C              0.674332     0.652778     0.610375  0.713873  0.672164   \n",
       "VAR                 0.793418     0.708912     0.722216   0.82323  0.801485   \n",
       "Varlingam           0.788178     0.675347     0.698019  0.787143  0.754923   \n",
       "dynotears           0.608279     0.525174     0.531982  0.502979  0.608445   \n",
       "PCMCI                0.73502     0.662616     0.639717  0.654862  0.652921   \n",
       "CDMI                0.801899     0.631944     0.710626  0.799846   0.78174   \n",
       "cp_transformer      0.715191     0.559028     0.564034  0.601687  0.651431   \n",
       "cp_unidirectional   0.647456       0.5625     0.562134  0.643731  0.598753   \n",
       "\n",
       "                  disjoint_10  \n",
       "Null model                0.5  \n",
       "RP                   0.748214  \n",
       "RP+N                 0.651639  \n",
       "RP+B                 0.577119  \n",
       "CC                   0.661196  \n",
       "CC+C                 0.753657  \n",
       "RPCC                 0.705569  \n",
       "RPCC+N               0.659784  \n",
       "RPCC+B               0.572621  \n",
       "RPCC+C               0.754721  \n",
       "VAR                  0.819753  \n",
       "Varlingam            0.827195  \n",
       "dynotears            0.606428  \n",
       "PCMCI                0.801787  \n",
       "CDMI                 0.752737  \n",
       "cp_transformer            NaN  \n",
       "cp_unidirectional         NaN  "
      ]
     },
     "execution_count": 245,
     "metadata": {},
     "output_type": "execute_result"
    }
   ],
   "source": [
    "out"
   ]
  },
  {
   "cell_type": "code",
   "execution_count": 277,
   "metadata": {},
   "outputs": [],
   "source": [
    "import matplotlib.pylab as pl\n",
    "from matplotlib.colors import ListedColormap"
   ]
  },
  {
   "cell_type": "code",
   "execution_count": 324,
   "metadata": {},
   "outputs": [],
   "source": [
    "# Choose colormap which will be mixed with the alpha values\n",
    "cmap = pl.cm.Blues_r\n",
    "\n",
    "# Get the colormap colors\n",
    "my_cmap = cmap(np.arange(cmap.N))\n",
    "# Define the alphas in the range from 0 to 1\n",
    "alphas = np.linspace(0, 1, cmap.N)\n",
    "# Define the background as white\n",
    "BG = np.asarray([1., 1., 1.,])\n",
    "# Mix the colors with the background\n",
    "for i in range(cmap.N):\n",
    "    my_cmap[i,:-1] = my_cmap[i,:-1] * alphas[i] + BG * (1.-alphas[i])\n",
    "# Create new colormap which mimics the alpha values\n",
    "my_cmap = ListedColormap(my_cmap)"
   ]
  },
  {
   "cell_type": "code",
   "execution_count": 325,
   "metadata": {},
   "outputs": [
    {
     "data": {
      "image/png": "iVBORw0KGgoAAAANSUhEUgAAAgAAAABACAYAAABsv8+/AAAAGHRFWHRUaXRsZQBmcm9tX2xpc3QgY29sb3JtYXBDL89FAAAAHnRFWHREZXNjcmlwdGlvbgBmcm9tX2xpc3QgY29sb3JtYXABtCnOAAAAMXRFWHRBdXRob3IATWF0cGxvdGxpYiB2My4xMC4wLCBodHRwczovL21hdHBsb3RsaWIub3Jns5fOBgAAADN0RVh0U29mdHdhcmUATWF0cGxvdGxpYiB2My4xMC4wLCBodHRwczovL21hdHBsb3RsaWIub3JnFrPd8gAAAdtJREFUeJzt1kty2zAQQEEw97+zvHE5EawJ6M/udW9UIgYgKW3e9Xg8Hmut9f7xz+d6/r7WL63f3PfT65/u93pu7XPHcw77vnn+Gs95HpjuN+1f+3sc5/frr99jG//P+rZ/uM943nj+cO7w/Xh9Wjjs++7cXV8/73r6uDk9rw8D477h9p/m3w8e507nTOvbhWtbuPbrw76/+6/t++l+d+fvPs8w9/H+r+93eu99fXre+X94vXD6fz7e5/a+e/PTc82/21ef53fmrv333p9nP2d47tM5d9f/LAAgRwAAQJAAAIAgAQAAQQIAAIIEAAAECQAACBIAABAkAAAgSAAAQJAAAIAgAQAAQQIAAIIEAAAECQAACBIAABAkAAAgSAAAQJAAAIAgAQAAQQIAAIIEAAAECQAACBIAABAkAAAgSAAAQJAAAIAgAQAAQQIAAIIEAAAECQAACBIAABAkAAAgSAAAQJAAAIAgAQAAQQIAAIIEAAAECQAACBIAABAkAAAgSAAAQJAAAIAgAQAAQQIAAIIEAAAECQAACBIAABAkAAAgSAAAQJAAAIAgAQAAQQIAAIIEAAAECQAACBIAABAkAAAgSAAAQJAAAIAgAQAAQQIAAIIEAAAECQAACHoD9FGPcObP3T4AAAAASUVORK5CYII=",
      "text/html": [
       "<div style=\"vertical-align: middle;\"><strong>from_list</strong> </div><div class=\"cmap\"><img alt=\"from_list colormap\" title=\"from_list\" style=\"border: 1px solid #555;\" src=\"data:image/png;base64,iVBORw0KGgoAAAANSUhEUgAAAgAAAABACAYAAABsv8+/AAAAGHRFWHRUaXRsZQBmcm9tX2xpc3QgY29sb3JtYXBDL89FAAAAHnRFWHREZXNjcmlwdGlvbgBmcm9tX2xpc3QgY29sb3JtYXABtCnOAAAAMXRFWHRBdXRob3IATWF0cGxvdGxpYiB2My4xMC4wLCBodHRwczovL21hdHBsb3RsaWIub3Jns5fOBgAAADN0RVh0U29mdHdhcmUATWF0cGxvdGxpYiB2My4xMC4wLCBodHRwczovL21hdHBsb3RsaWIub3JnFrPd8gAAAdtJREFUeJzt1kty2zAQQEEw97+zvHE5EawJ6M/udW9UIgYgKW3e9Xg8Hmut9f7xz+d6/r7WL63f3PfT65/u93pu7XPHcw77vnn+Gs95HpjuN+1f+3sc5/frr99jG//P+rZ/uM943nj+cO7w/Xh9Wjjs++7cXV8/73r6uDk9rw8D477h9p/m3w8e507nTOvbhWtbuPbrw76/+6/t++l+d+fvPs8w9/H+r+93eu99fXre+X94vXD6fz7e5/a+e/PTc82/21ef53fmrv333p9nP2d47tM5d9f/LAAgRwAAQJAAAIAgAQAAQQIAAIIEAAAECQAACBIAABAkAAAgSAAAQJAAAIAgAQAAQQIAAIIEAAAECQAACBIAABAkAAAgSAAAQJAAAIAgAQAAQQIAAIIEAAAECQAACBIAABAkAAAgSAAAQJAAAIAgAQAAQQIAAIIEAAAECQAACBIAABAkAAAgSAAAQJAAAIAgAQAAQQIAAIIEAAAECQAACBIAABAkAAAgSAAAQJAAAIAgAQAAQQIAAIIEAAAECQAACBIAABAkAAAgSAAAQJAAAIAgAQAAQQIAAIIEAAAECQAACBIAABAkAAAgSAAAQJAAAIAgAQAAQQIAAIIEAAAECQAACHoD9FGPcObP3T4AAAAASUVORK5CYII=\"></div><div style=\"vertical-align: middle; max-width: 514px; display: flex; justify-content: space-between;\"><div style=\"float: left;\"><div title=\"#ffffffff\" style=\"display: inline-block; width: 1em; height: 1em; margin: 0; vertical-align: middle; border: 1px solid #555; background-color: #ffffffff;\"></div> under</div><div style=\"margin: 0 auto; display: inline-block;\">bad <div title=\"#00000000\" style=\"display: inline-block; width: 1em; height: 1em; margin: 0; vertical-align: middle; border: 1px solid #555; background-color: #00000000;\"></div></div><div style=\"float: right;\">over <div title=\"#f7fbffff\" style=\"display: inline-block; width: 1em; height: 1em; margin: 0; vertical-align: middle; border: 1px solid #555; background-color: #f7fbffff;\"></div></div></div>"
      ],
      "text/plain": [
       "<matplotlib.colors.ListedColormap at 0x7b9652fb2c90>"
      ]
     },
     "execution_count": 325,
     "metadata": {},
     "output_type": "execute_result"
    }
   ],
   "source": [
    "my_cmap"
   ]
  },
  {
   "cell_type": "code",
   "execution_count": 352,
   "metadata": {},
   "outputs": [
    {
     "data": {
      "text/html": [
       "<style type=\"text/css\">\n",
       "#T_732c9_row0_col0, #T_732c9_row12_col8 {\n",
       "  background-color: #218242;\n",
       "  color: #f1f1f1;\n",
       "}\n",
       "#T_732c9_row0_col1, #T_732c9_row0_col2, #T_732c9_row12_col1 {\n",
       "  background-color: #208242;\n",
       "  color: #f1f1f1;\n",
       "}\n",
       "#T_732c9_row0_col3, #T_732c9_row12_col4 {\n",
       "  background-color: #288a47;\n",
       "  color: #f1f1f1;\n",
       "}\n",
       "#T_732c9_row0_col4 {\n",
       "  background-color: #1d7f41;\n",
       "  color: #f1f1f1;\n",
       "}\n",
       "#T_732c9_row0_col5, #T_732c9_row0_col9, #T_732c9_row12_col0, #T_732c9_row12_col2 {\n",
       "  background-color: #228343;\n",
       "  color: #f1f1f1;\n",
       "}\n",
       "#T_732c9_row0_col6 {\n",
       "  background-color: #349a52;\n",
       "  color: #f1f1f1;\n",
       "}\n",
       "#T_732c9_row0_col7 {\n",
       "  background-color: #31974f;\n",
       "  color: #f1f1f1;\n",
       "}\n",
       "#T_732c9_row0_col8 {\n",
       "  background-color: #1f8142;\n",
       "  color: #f1f1f1;\n",
       "}\n",
       "#T_732c9_row0_col10 {\n",
       "  background-color: #1e8041;\n",
       "  color: #f1f1f1;\n",
       "}\n",
       "#T_732c9_row1_col0 {\n",
       "  background-color: #fdfedb;\n",
       "  color: #000000;\n",
       "}\n",
       "#T_732c9_row1_col1, #T_732c9_row1_col2 {\n",
       "  background-color: #f7fcb9;\n",
       "  color: #000000;\n",
       "}\n",
       "#T_732c9_row1_col3, #T_732c9_row1_col10, #T_732c9_row4_col6 {\n",
       "  background-color: #e9f6af;\n",
       "  color: #000000;\n",
